*3DSMAX_ASCIIEXPORT 110
*COMMENT "Created using Baltram's ASC and ASE file writer"
*SCENE {
	*SCENE_FILENAME "G3_Hero_Body_King"
	*SCENE_FIRSTFRAME 0
	*SCENE_LASTFRAME 100
	*SCENE_FRAMESPEED 30
	*SCENE_TICKSPERFRAME 160
	*SCENE_BACKGROUND_STATIC 0.0000	0.0000	0.0000
	*SCENE_AMBIENT_STATIC 0.0000	0.0000	0.0000
}
*MATERIAL_LIST {
	*MATERIAL_COUNT 1
	*MATERIAL 0 {
		*MATERIAL_NAME "G3_Hero_Body_King"
		*MATERIAL_CLASS "Multi/Sub-Object"
		*MATERIAL_AMBIENT 0.5000	0.5000	0.5000
		*MATERIAL_DIFFUSE 0.5000	0.5000	0.5000
		*MATERIAL_SPECULAR 0.9000	0.9000	0.9000
		*MATERIAL_SHINE 0.1000
		*MATERIAL_SHINESTRENGTH 0.0000
		*MATERIAL_TRANSPARENCY 0.0000
		*MATERIAL_WIRESIZE 1.0000
		*NUMSUBMTLS 2
		*SUBMATERIAL 0 {
			*MATERIAL_NAME "EMFX Default"
			*MATERIAL_CLASS "Standard"
			*MATERIAL_AMBIENT 0.5000	0.5000	0.5000
			*MATERIAL_DIFFUSE 0.5000	0.5000	0.5000
			*MATERIAL_SPECULAR 0.9000	0.9000	0.9000
			*MATERIAL_SHINE 0.1000
			*MATERIAL_SHINESTRENGTH 0.0000
			*MATERIAL_TRANSPARENCY 0.0000
			*MATERIAL_WIRESIZE 1.0000
			*MATERIAL_SHADING Blinn
			*MATERIAL_XP_FALLOFF 0.0000
			*MATERIAL_SELFILLUM 0.0000
			*MATERIAL_FALLOFF In
			*MATERIAL_XP_TYPE Filter
			*MAP_DIFFUSE {
				*MAP_NAME ""
				*MAP_CLASS "Bitmap"
				*MAP_SUBNO 1
				*MAP_AMOUNT 1.0000
				*BITMAP "G3_Monster_Skeleton__Body_Diffuse_S1.tga"
				*MAP_TYPE Screen
				*UVW_U_OFFSET 0.0000
				*UVW_V_OFFSET 0.0000
				*UVW_U_TILING 1.0000
				*UVW_V_TILING 1.0000
				*UVW_ANGLE 0.0000
				*UVW_BLUR 1.0000
				*UVW_BLUR_OFFSET 0.0000
				*UVW_NOUSE_AMT 1.0000
				*UVW_NOISE_SIZE 1.0000
				*UVW_NOISE_LEVEL 1
				*UVW_NOISE_PHASE 0.0000
				*BITMAP_FILTER Pyramidal
			}
			*MAP_SPECULAR {
				*MAP_NAME ""
				*MAP_CLASS "Bitmap"
				*MAP_SUBNO 2
				*MAP_AMOUNT 1.0000
				*BITMAP "G3_Monster_Skeleton__Body_Diffuse_S1.tga"
				*MAP_TYPE Screen
				*UVW_U_OFFSET 0.0000
				*UVW_V_OFFSET 0.0000
				*UVW_U_TILING 1.0000
				*UVW_V_TILING 1.0000
				*UVW_ANGLE 0.0000
				*UVW_BLUR 1.0000
				*UVW_BLUR_OFFSET 0.0000
				*UVW_NOUSE_AMT 1.0000
				*UVW_NOISE_SIZE 1.0000
				*UVW_NOISE_LEVEL 1
				*UVW_NOISE_PHASE 0.0000
				*BITMAP_FILTER Pyramidal
			}
		}
		*SUBMATERIAL 1 {
			*MATERIAL_NAME "KING_RHOBAR"
			*MATERIAL_CLASS "Standard"
			*MATERIAL_AMBIENT 0.5000	0.5000	0.5000
			*MATERIAL_DIFFUSE 0.5000	0.5000	0.5000
			*MATERIAL_SPECULAR 0.9000	0.9000	0.9000
			*MATERIAL_SHINE 0.1000
			*MATERIAL_SHINESTRENGTH 0.0000
			*MATERIAL_TRANSPARENCY 0.0000
			*MATERIAL_WIRESIZE 1.0000
			*MATERIAL_SHADING Blinn
			*MATERIAL_XP_FALLOFF 0.0000
			*MATERIAL_SELFILLUM 0.0000
			*MATERIAL_FALLOFF In
			*MATERIAL_XP_TYPE Filter
			*MAP_DIFFUSE {
				*MAP_NAME ""
				*MAP_CLASS "Bitmap"
				*MAP_SUBNO 1
				*MAP_AMOUNT 1.0000
				*BITMAP "G3_Human_King_Body_Diffuse_S1.tga"
				*MAP_TYPE Screen
				*UVW_U_OFFSET 0.0000
				*UVW_V_OFFSET 0.0000
				*UVW_U_TILING 1.0000
				*UVW_V_TILING 1.0000
				*UVW_ANGLE 0.0000
				*UVW_BLUR 1.0000
				*UVW_BLUR_OFFSET 0.0000
				*UVW_NOUSE_AMT 1.0000
				*UVW_NOISE_SIZE 1.0000
				*UVW_NOISE_LEVEL 1
				*UVW_NOISE_PHASE 0.0000
				*BITMAP_FILTER Pyramidal
			}
			*MAP_SPECULAR {
				*MAP_NAME ""
				*MAP_CLASS "Bitmap"
				*MAP_SUBNO 2
				*MAP_AMOUNT 1.0000
				*BITMAP "G3_Human_King_Body_Diffuse_S1.tga"
				*MAP_TYPE Screen
				*UVW_U_OFFSET 0.0000
				*UVW_V_OFFSET 0.0000
				*UVW_U_TILING 1.0000
				*UVW_V_TILING 1.0000
				*UVW_ANGLE 0.0000
				*UVW_BLUR 1.0000
				*UVW_BLUR_OFFSET 0.0000
				*UVW_NOUSE_AMT 1.0000
				*UVW_NOISE_SIZE 1.0000
				*UVW_NOISE_LEVEL 1
				*UVW_NOISE_PHASE 0.0000
				*BITMAP_FILTER Pyramidal
			}
			*MAP_BUMP {
				*MAP_NAME ""
				*MAP_CLASS "Bitmap"
				*MAP_SUBNO 8
				*MAP_AMOUNT 1.0000
				*BITMAP "G3_Human_King_Body_normal_S1.tga"
				*MAP_TYPE Screen
				*UVW_U_OFFSET 0.0000
				*UVW_V_OFFSET 0.0000
				*UVW_U_TILING 1.0000
				*UVW_V_TILING 1.0000
				*UVW_ANGLE 0.0000
				*UVW_BLUR 1.0000
				*UVW_BLUR_OFFSET 0.0000
				*UVW_NOUSE_AMT 1.0000
				*UVW_NOISE_SIZE 1.0000
				*UVW_NOISE_LEVEL 1
				*UVW_NOISE_PHASE 0.0000
				*BITMAP_FILTER Pyramidal
			}
		}
	}
}
*GEOMOBJECT {
	*NODE_NAME "Bip01"
	*NODE_TM {
		*NODE_NAME "Bip01"
		*INHERIT_POS 0 0 0
		*INHERIT_ROT 0 0 0
		*INHERIT_SCL 0 0 0
		*TM_ROW0 1.0000	0.0000	0.0000
		*TM_ROW1 0.0000	1.0000	0.0000
		*TM_ROW2 0.0000	0.0000	1.0000
		*TM_ROW3 0.0000	0.0000	0.0000
		*TM_POS 0.0000	0.0000	0.0000
		*TM_ROTAXIS 0.0000	0.0000	0.0000
		*TM_ROTANGLE 0.0000
		*TM_SCALE 1.0000	1.0000	1.0000
		*TM_SCALEAXIS 0.0000	0.0000	0.0000
		*TM_SCALEAXISANG 0.0000
	}
}
*GEOMOBJECT {
	*NODE_NAME "Bip01 Hero_ROOT"
	*NODE_PARENT "Bip01"
	*NODE_TM {
		*NODE_NAME "Bip01 Hero_ROOT"
		*INHERIT_POS 0 0 0
		*INHERIT_ROT 0 0 0
		*INHERIT_SCL 0 0 0
		*TM_ROW0 -1.0000	0.0000	0.0000
		*TM_ROW1 -0.0000	-1.0000	0.0000
		*TM_ROW2 0.0000	0.0000	1.0000
		*TM_ROW3 0.0000	0.0000	0.0000
		*TM_POS 0.0000	0.0000	0.0000
		*TM_ROTAXIS 0.0000	0.0000	0.0000
		*TM_ROTANGLE 0.0000
		*TM_SCALE 1.0000	1.0000	1.0000
		*TM_SCALEAXIS 0.0000	0.0000	0.0000
		*TM_SCALEAXISANG 0.0000
	}
}
*GEOMOBJECT {
	*NODE_NAME "Bip01 Hero_Spine_Spine_ROOT"
	*NODE_PARENT "Bip01 Hero_ROOT"
	*NODE_TM {
		*NODE_NAME "Bip01 Hero_Spine_Spine_ROOT"
		*INHERIT_POS 0 0 0
		*INHERIT_ROT 0 0 0
		*INHERIT_SCL 0 0 0
		*TM_ROW0 -0.0000	-0.0577	0.9983
		*TM_ROW1 0.0000	0.9983	0.0577
		*TM_ROW2 -1.0000	0.0000	0.0000
		*TM_ROW3 -0.0000	-0.8159	103.3578
		*TM_POS -0.0000	-0.8159	103.3578
		*TM_ROTAXIS 0.0000	0.0000	0.0000
		*TM_ROTANGLE 0.0000
		*TM_SCALE 1.0000	1.0000	1.0000
		*TM_SCALEAXIS 0.0000	0.0000	0.0000
		*TM_SCALEAXISANG 0.0000
	}
}
*GEOMOBJECT {
	*NODE_NAME "Bip01 Hero_Spine_Spine_1"
	*NODE_PARENT "Bip01 Hero_Spine_Spine_ROOT"
	*NODE_TM {
		*NODE_NAME "Bip01 Hero_Spine_Spine_1"
		*INHERIT_POS 0 0 0
		*INHERIT_ROT 0 0 0
		*INHERIT_SCL 0 0 0
		*TM_ROW0 -0.0000	-0.0577	0.9983
		*TM_ROW1 0.0000	0.9983	0.0577
		*TM_ROW2 -1.0000	0.0000	0.0000
		*TM_ROW3 -0.0000	-0.8159	103.3578
		*TM_POS -0.0000	-0.8159	103.3578
		*TM_ROTAXIS 0.0000	0.0000	0.0000
		*TM_ROTANGLE 0.0000
		*TM_SCALE 1.0000	1.0000	1.0000
		*TM_SCALEAXIS 0.0000	0.0000	0.0000
		*TM_SCALEAXISANG 0.0000
	}
}
*GEOMOBJECT {
	*NODE_NAME "Bip01 Hero_Right_Leg_Hip_ROOT"
	*NODE_PARENT "Bip01 Hero_Spine_Spine_1"
	*NODE_TM {
		*NODE_NAME "Bip01 Hero_Right_Leg_Hip_ROOT"
		*INHERIT_POS 0 0 0
		*INHERIT_ROT 0 0 0
		*INHERIT_SCL 0 0 0
		*TM_ROW0 0.9614	-0.0646	0.2676
		*TM_ROW1 -0.0000	-0.9721	-0.2346
		*TM_ROW2 0.2753	0.2255	-0.9345
		*TM_ROW3 -0.0000	-0.8159	103.3578
		*TM_POS -0.0000	-0.8159	103.3578
		*TM_ROTAXIS 0.0000	0.0000	0.0000
		*TM_ROTANGLE 0.0000
		*TM_SCALE 1.0000	1.0000	1.0000
		*TM_SCALEAXIS 0.0000	0.0000	0.0000
		*TM_SCALEAXISANG 0.0000
	}
}
*GEOMOBJECT {
	*NODE_NAME "Bip01 Hero_Right_Leg_Hip_1"
	*NODE_PARENT "Bip01 Hero_Right_Leg_Hip_ROOT"
	*NODE_TM {
		*NODE_NAME "Bip01 Hero_Right_Leg_Hip_1"
		*INHERIT_POS 0 0 0
		*INHERIT_ROT 0 0 0
		*INHERIT_SCL 0 0 0
		*TM_ROW0 0.9614	-0.0646	0.2676
		*TM_ROW1 -0.0000	-0.9721	-0.2346
		*TM_ROW2 0.2753	0.2255	-0.9345
		*TM_ROW3 0.0000	-0.8159	103.3578
		*TM_POS 0.0000	-0.8159	103.3578
		*TM_ROTAXIS 0.0000	0.0000	0.0000
		*TM_ROTANGLE 0.0000
		*TM_SCALE 1.0000	1.0000	1.0000
		*TM_SCALEAXIS 0.0000	0.0000	0.0000
		*TM_SCALEAXISANG 0.0000
	}
}
*GEOMOBJECT {
	*NODE_NAME "Bip01 Hero_Right_Leg_Hip_END"
	*NODE_PARENT "Bip01 Hero_Right_Leg_Hip_1"
	*NODE_TM {
		*NODE_NAME "Bip01 Hero_Right_Leg_Hip_END"
		*INHERIT_POS 0 0 0
		*INHERIT_ROT 0 0 0
		*INHERIT_SCL 0 0 0
		*TM_ROW0 -1.0000	0.0000	0.0000
		*TM_ROW1 -0.0000	-1.0000	0.0000
		*TM_ROW2 0.0000	0.0000	1.0000
		*TM_ROW3 12.4839	-1.6546	106.8328
		*TM_POS 12.4839	-1.6546	106.8328
		*TM_ROTAXIS 0.0000	0.0000	0.0000
		*TM_ROTANGLE 0.0000
		*TM_SCALE 1.0000	1.0000	1.0000
		*TM_SCALEAXIS 0.0000	0.0000	0.0000
		*TM_SCALEAXISANG 0.0000
	}
}
*GEOMOBJECT {
	*NODE_NAME "Bip01 Hero_Right_Leg_Leg_ROOT"
	*NODE_PARENT "Bip01 Hero_Right_Leg_Hip_END"
	*NODE_TM {
		*NODE_NAME "Bip01 Hero_Right_Leg_Leg_ROOT"
		*INHERIT_POS 0 0 0
		*INHERIT_ROT 0 0 0
		*INHERIT_SCL 0 0 0
		*TM_ROW0 0.1540	0.1142	-0.9815
		*TM_ROW1 0.0000	0.9933	0.1156
		*TM_ROW2 0.9881	-0.0178	0.1530
		*TM_ROW3 12.4839	-1.6546	106.8328
		*TM_POS 12.4839	-1.6546	106.8328
		*TM_ROTAXIS 0.0000	0.0000	0.0000
		*TM_ROTANGLE 0.0000
		*TM_SCALE 1.0000	1.0000	1.0000
		*TM_SCALEAXIS 0.0000	0.0000	0.0000
		*TM_SCALEAXISANG 0.0000
	}
}
*GEOMOBJECT {
	*NODE_NAME "Bip01 Hero_Right_Leg_Leg_1"
	*NODE_PARENT "Bip01 Hero_Right_Leg_Leg_ROOT"
	*NODE_TM {
		*NODE_NAME "Bip01 Hero_Right_Leg_Leg_1"
		*INHERIT_POS 0 0 0
		*INHERIT_ROT 0 0 0
		*INHERIT_SCL 0 0 0
		*TM_ROW0 0.1540	0.1142	-0.9815
		*TM_ROW1 0.0000	0.9933	0.1156
		*TM_ROW2 0.9881	-0.0178	0.1530
		*TM_ROW3 12.4839	-1.6546	106.8328
		*TM_POS 12.4839	-1.6546	106.8328
		*TM_ROTAXIS 0.0000	0.0000	0.0000
		*TM_ROTANGLE 0.0000
		*TM_SCALE 1.0000	1.0000	1.0000
		*TM_SCALEAXIS 0.0000	0.0000	0.0000
		*TM_SCALEAXISANG 0.0000
	}
}
*GEOMOBJECT {
	*NODE_NAME "Bip01 Hero_Right_Leg_Leg_2"
	*NODE_PARENT "Bip01 Hero_Right_Leg_Leg_1"
	*NODE_TM {
		*NODE_NAME "Bip01 Hero_Right_Leg_Leg_2"
		*INHERIT_POS 0 0 0
		*INHERIT_ROT 0 0 0
		*INHERIT_SCL 0 0 0
		*TM_ROW0 0.0365	-0.1432	-0.9890
		*TM_ROW1 0.0000	0.9897	-0.1433
		*TM_ROW2 0.9993	0.0052	0.0361
		*TM_ROW3 19.8785	3.8288	59.7041
		*TM_POS 19.8785	3.8288	59.7041
		*TM_ROTAXIS 0.0000	0.0000	0.0000
		*TM_ROTANGLE 0.0000
		*TM_SCALE 1.0000	1.0000	1.0000
		*TM_SCALEAXIS 0.0000	0.0000	0.0000
		*TM_SCALEAXISANG 0.0000
	}
}
*GEOMOBJECT {
	*NODE_NAME "Bip01 Hero_Right_Leg_Leg_END"
	*NODE_PARENT "Bip01 Hero_Right_Leg_Leg_2"
	*NODE_TM {
		*NODE_NAME "Bip01 Hero_Right_Leg_Leg_END"
		*INHERIT_POS 0 0 0
		*INHERIT_ROT 0 0 0
		*INHERIT_SCL 0 0 0
		*TM_ROW0 -1.0000	-0.0000	0.0000
		*TM_ROW1 0.0000	-1.0000	-0.0000
		*TM_ROW2 0.0000	-0.0000	1.0000
		*TM_ROW3 21.5154	-2.5895	15.3834
		*TM_POS 21.5154	-2.5895	15.3834
		*TM_ROTAXIS 0.0000	0.0000	0.0000
		*TM_ROTANGLE 0.0000
		*TM_SCALE 1.0000	1.0000	1.0000
		*TM_SCALEAXIS 0.0000	0.0000	0.0000
		*TM_SCALEAXISANG 0.0000
	}
}
*GEOMOBJECT {
	*NODE_NAME "Bip01 Hero_Right_Foot_Foot_ROOT"
	*NODE_PARENT "Bip01 Hero_Right_Leg_Leg_END"
	*NODE_TM {
		*NODE_NAME "Bip01 Hero_Right_Foot_Foot_ROOT"
		*INHERIT_POS 0 0 0
		*INHERIT_ROT 0 0 0
		*INHERIT_SCL 0 0 0
		*TM_ROW0 0.1649	0.5471	-0.8207
		*TM_ROW1 -0.0000	0.8320	0.5547
		*TM_ROW2 0.9863	-0.0915	0.1372
		*TM_ROW3 21.5154	-2.5895	15.3520
		*TM_POS 21.5154	-2.5895	15.3520
		*TM_ROTAXIS 0.0000	0.0000	0.0000
		*TM_ROTANGLE 0.0000
		*TM_SCALE 1.0000	1.0000	1.0000
		*TM_SCALEAXIS 0.0000	0.0000	0.0000
		*TM_SCALEAXISANG 0.0000
	}
}
*GEOMOBJECT {
	*NODE_NAME "Bip01 Hero_Right_Foot_Foot_1"
	*NODE_PARENT "Bip01 Hero_Right_Foot_Foot_ROOT"
	*NODE_TM {
		*NODE_NAME "Bip01 Hero_Right_Foot_Foot_1"
		*INHERIT_POS 0 0 0
		*INHERIT_ROT 0 0 0
		*INHERIT_SCL 0 0 0
		*TM_ROW0 0.1586	0.5096	-0.8457
		*TM_ROW1 0.0221	0.8545	0.5190
		*TM_ROW2 0.9871	-0.1010	0.1243
		*TM_ROW3 21.5154	-2.5895	15.3520
		*TM_POS 21.5154	-2.5895	15.3520
		*TM_ROTAXIS 0.0000	0.0000	0.0000
		*TM_ROTANGLE 0.0000
		*TM_SCALE 1.0000	1.0000	1.0000
		*TM_SCALEAXIS 0.0000	0.0000	0.0000
		*TM_SCALEAXISANG 0.0000
	}
}
*GEOMOBJECT {
	*NODE_NAME "Bip01 Hero_Right_Foot_Foot_END"
	*NODE_PARENT "Bip01 Hero_Right_Foot_Foot_1"
	*NODE_TM {
		*NODE_NAME "Bip01 Hero_Right_Foot_Foot_END"
		*INHERIT_POS 0 0 0
		*INHERIT_ROT 0 0 0
		*INHERIT_SCL 0 0 0
		*TM_ROW0 -0.9997	0.0156	0.0169
		*TM_ROW1 -0.0149	-0.9990	0.0422
		*TM_ROW2 0.0175	0.0419	0.9990
		*TM_ROW3 24.3888	6.6402	0.0353
		*TM_POS 24.3888	6.6402	0.0353
		*TM_ROTAXIS 0.0000	0.0000	0.0000
		*TM_ROTANGLE 0.0000
		*TM_SCALE 1.0000	1.0000	1.0000
		*TM_SCALEAXIS 0.0000	0.0000	0.0000
		*TM_SCALEAXISANG 0.0000
	}
}
*GEOMOBJECT {
	*NODE_NAME "Bip01 Hero_Right_Foot_Toe_ROOT"
	*NODE_PARENT "Bip01 Hero_Right_Foot_Foot_END"
	*NODE_TM {
		*NODE_NAME "Bip01 Hero_Right_Foot_Toe_ROOT"
		*INHERIT_POS 0 0 0
		*INHERIT_ROT 0 0 0
		*INHERIT_SCL 0 0 0
		*TM_ROW0 0.2621	0.9640	-0.0451
		*TM_ROW1 0.0175	0.0420	0.9990
		*TM_ROW2 0.9649	-0.2627	-0.0059
		*TM_ROW3 24.3888	6.6402	0.0352
		*TM_POS 24.3888	6.6402	0.0352
		*TM_ROTAXIS 0.0000	0.0000	0.0000
		*TM_ROTANGLE 0.0000
		*TM_SCALE 1.0000	1.0000	1.0000
		*TM_SCALEAXIS 0.0000	0.0000	0.0000
		*TM_SCALEAXISANG 0.0000
	}
}
*GEOMOBJECT {
	*NODE_NAME "Bip01 Hero_Right_Foot_Toe_1"
	*NODE_PARENT "Bip01 Hero_Right_Foot_Toe_ROOT"
	*NODE_TM {
		*NODE_NAME "Bip01 Hero_Right_Foot_Toe_1"
		*INHERIT_POS 0 0 0
		*INHERIT_ROT 0 0 0
		*INHERIT_SCL 0 0 0
		*TM_ROW0 0.2621	0.9640	-0.0451
		*TM_ROW1 0.0175	0.0420	0.9990
		*TM_ROW2 0.9649	-0.2627	-0.0059
		*TM_ROW3 24.3888	6.6402	0.0352
		*TM_POS 24.3888	6.6402	0.0352
		*TM_ROTAXIS 0.0000	0.0000	0.0000
		*TM_ROTANGLE 0.0000
		*TM_SCALE 1.0000	1.0000	1.0000
		*TM_SCALEAXIS 0.0000	0.0000	0.0000
		*TM_SCALEAXISANG 0.0000
	}
}
*GEOMOBJECT {
	*NODE_NAME "Bip01 Hero_Right_Foot_Toe_END"
	*NODE_PARENT "Bip01 Hero_Right_Foot_Toe_1"
	*NODE_TM {
		*NODE_NAME "Bip01 Hero_Right_Foot_Toe_END"
		*INHERIT_POS 0 0 0
		*INHERIT_ROT 0 0 0
		*INHERIT_SCL 0 0 0
		*TM_ROW0 -0.9997	0.0156	0.0169
		*TM_ROW1 -0.0149	-0.9990	0.0422
		*TM_ROW2 0.0175	0.0419	0.9990
		*TM_ROW3 27.6378	18.5878	-0.5236
		*TM_POS 27.6378	18.5878	-0.5236
		*TM_ROTAXIS 0.0000	0.0000	0.0000
		*TM_ROTANGLE 0.0000
		*TM_SCALE 1.0000	1.0000	1.0000
		*TM_SCALEAXIS 0.0000	0.0000	0.0000
		*TM_SCALEAXISANG 0.0000
	}
}
*GEOMOBJECT {
	*NODE_NAME "Bip01 Hero_Left_Leg_Hip_ROOT"
	*NODE_PARENT "Bip01 Hero_Spine_Spine_1"
	*NODE_TM {
		*NODE_NAME "Bip01 Hero_Left_Leg_Hip_ROOT"
		*INHERIT_POS 0 0 0
		*INHERIT_ROT 0 0 0
		*INHERIT_SCL 0 0 0
		*TM_ROW0 -0.9614	-0.0646	0.2676
		*TM_ROW1 0.0000	-0.9721	-0.2346
		*TM_ROW2 0.2753	-0.2255	0.9345
		*TM_ROW3 -0.0000	-0.8159	103.3578
		*TM_POS -0.0000	-0.8159	103.3578
		*TM_ROTAXIS 0.0000	0.0000	0.0000
		*TM_ROTANGLE 0.0000
		*TM_SCALE 1.0000	1.0000	1.0000
		*TM_SCALEAXIS 0.0000	0.0000	0.0000
		*TM_SCALEAXISANG 0.0000
	}
}
*GEOMOBJECT {
	*NODE_NAME "Bip01 Hero_Left_Leg_Hip_1"
	*NODE_PARENT "Bip01 Hero_Left_Leg_Hip_ROOT"
	*NODE_TM {
		*NODE_NAME "Bip01 Hero_Left_Leg_Hip_1"
		*INHERIT_POS 0 0 0
		*INHERIT_ROT 0 0 0
		*INHERIT_SCL 0 0 0
		*TM_ROW0 -0.9614	-0.0646	0.2676
		*TM_ROW1 0.0000	-0.9721	-0.2346
		*TM_ROW2 0.2753	-0.2255	0.9345
		*TM_ROW3 -0.0000	-0.8159	103.3578
		*TM_POS -0.0000	-0.8159	103.3578
		*TM_ROTAXIS 0.0000	0.0000	0.0000
		*TM_ROTANGLE 0.0000
		*TM_SCALE 1.0000	1.0000	1.0000
		*TM_SCALEAXIS 0.0000	0.0000	0.0000
		*TM_SCALEAXISANG 0.0000
	}
}
*GEOMOBJECT {
	*NODE_NAME "Bip01 Hero_Left_Leg_Hip_END"
	*NODE_PARENT "Bip01 Hero_Left_Leg_Hip_1"
	*NODE_TM {
		*NODE_NAME "Bip01 Hero_Left_Leg_Hip_END"
		*INHERIT_POS 0 0 0
		*INHERIT_ROT 0 0 0
		*INHERIT_SCL 0 0 0
		*TM_ROW0 -1.0000	-0.0000	-0.0000
		*TM_ROW1 0.0000	-1.0000	0.0000
		*TM_ROW2 -0.0000	0.0000	1.0000
		*TM_ROW3 -12.4839	-1.6545	106.8328
		*TM_POS -12.4839	-1.6545	106.8328
		*TM_ROTAXIS 0.0000	0.0000	0.0000
		*TM_ROTANGLE 0.0000
		*TM_SCALE 1.0000	1.0000	1.0000
		*TM_SCALEAXIS 0.0000	0.0000	0.0000
		*TM_SCALEAXISANG 0.0000
	}
}
*GEOMOBJECT {
	*NODE_NAME "Bip01 Hero_Left_Leg_Leg_ROOT"
	*NODE_PARENT "Bip01 Hero_Left_Leg_Hip_END"
	*NODE_TM {
		*NODE_NAME "Bip01 Hero_Left_Leg_Leg_ROOT"
		*INHERIT_POS 0 0 0
		*INHERIT_ROT 0 0 0
		*INHERIT_SCL 0 0 0
		*TM_ROW0 -0.1540	0.1142	-0.9815
		*TM_ROW1 -0.0000	0.9933	0.1156
		*TM_ROW2 0.9881	0.0178	-0.1530
		*TM_ROW3 -12.4839	-1.6545	106.8328
		*TM_POS -12.4839	-1.6545	106.8328
		*TM_ROTAXIS 0.0000	0.0000	0.0000
		*TM_ROTANGLE 0.0000
		*TM_SCALE 1.0000	1.0000	1.0000
		*TM_SCALEAXIS 0.0000	0.0000	0.0000
		*TM_SCALEAXISANG 0.0000
	}
}
*GEOMOBJECT {
	*NODE_NAME "Bip01 Hero_Left_Leg_Leg_1"
	*NODE_PARENT "Bip01 Hero_Left_Leg_Leg_ROOT"
	*NODE_TM {
		*NODE_NAME "Bip01 Hero_Left_Leg_Leg_1"
		*INHERIT_POS 0 0 0
		*INHERIT_ROT 0 0 0
		*INHERIT_SCL 0 0 0
		*TM_ROW0 -0.1540	0.1142	-0.9815
		*TM_ROW1 -0.0000	0.9933	0.1156
		*TM_ROW2 0.9881	0.0178	-0.1530
		*TM_ROW3 -12.4838	-1.6546	106.8328
		*TM_POS -12.4838	-1.6546	106.8328
		*TM_ROTAXIS 0.0000	0.0000	0.0000
		*TM_ROTANGLE 0.0000
		*TM_SCALE 1.0000	1.0000	1.0000
		*TM_SCALEAXIS 0.0000	0.0000	0.0000
		*TM_SCALEAXISANG 0.0000
	}
}
*GEOMOBJECT {
	*NODE_NAME "Bip01 Hero_Left_Leg_Leg_2"
	*NODE_PARENT "Bip01 Hero_Left_Leg_Leg_1"
	*NODE_TM {
		*NODE_NAME "Bip01 Hero_Left_Leg_Leg_2"
		*INHERIT_POS 0 0 0
		*INHERIT_ROT 0 0 0
		*INHERIT_SCL 0 0 0
		*TM_ROW0 -0.0365	-0.1432	-0.9890
		*TM_ROW1 0.0000	0.9897	-0.1433
		*TM_ROW2 0.9993	-0.0052	-0.0361
		*TM_ROW3 -19.8785	3.8288	59.7042
		*TM_POS -19.8785	3.8288	59.7042
		*TM_ROTAXIS 0.0000	0.0000	0.0000
		*TM_ROTANGLE 0.0000
		*TM_SCALE 1.0000	1.0000	1.0000
		*TM_SCALEAXIS 0.0000	0.0000	0.0000
		*TM_SCALEAXISANG 0.0000
	}
}
*GEOMOBJECT {
	*NODE_NAME "Bip01 Hero_Left_Leg_Leg_END"
	*NODE_PARENT "Bip01 Hero_Left_Leg_Leg_2"
	*NODE_TM {
		*NODE_NAME "Bip01 Hero_Left_Leg_Leg_END"
		*INHERIT_POS 0 0 0
		*INHERIT_ROT 0 0 0
		*INHERIT_SCL 0 0 0
		*TM_ROW0 -1.0000	0.0000	-0.0000
		*TM_ROW1 -0.0000	-1.0000	-0.0000
		*TM_ROW2 0.0000	-0.0000	1.0000
		*TM_ROW3 -21.5153	-2.5895	15.3834
		*TM_POS -21.5153	-2.5895	15.3834
		*TM_ROTAXIS 0.0000	0.0000	0.0000
		*TM_ROTANGLE 0.0000
		*TM_SCALE 1.0000	1.0000	1.0000
		*TM_SCALEAXIS 0.0000	0.0000	0.0000
		*TM_SCALEAXISANG 0.0000
	}
}
*GEOMOBJECT {
	*NODE_NAME "Bip01 Hero_Left_Foot_Foot_ROOT"
	*NODE_PARENT "Bip01 Hero_Left_Leg_Leg_END"
	*NODE_TM {
		*NODE_NAME "Bip01 Hero_Left_Foot_Foot_ROOT"
		*INHERIT_POS 0 0 0
		*INHERIT_ROT 0 0 0
		*INHERIT_SCL 0 0 0
		*TM_ROW0 -0.1649	0.5471	-0.8207
		*TM_ROW1 0.0000	0.8320	0.5547
		*TM_ROW2 0.9863	0.0915	-0.1372
		*TM_ROW3 -21.5153	-2.5895	15.3520
		*TM_POS -21.5153	-2.5895	15.3520
		*TM_ROTAXIS 0.0000	0.0000	0.0000
		*TM_ROTANGLE 0.0000
		*TM_SCALE 1.0000	1.0000	1.0000
		*TM_SCALEAXIS 0.0000	0.0000	0.0000
		*TM_SCALEAXISANG 0.0000
	}
}
*GEOMOBJECT {
	*NODE_NAME "Bip01 Hero_Left_Foot_Foot_1"
	*NODE_PARENT "Bip01 Hero_Left_Foot_Foot_ROOT"
	*NODE_TM {
		*NODE_NAME "Bip01 Hero_Left_Foot_Foot_1"
		*INHERIT_POS 0 0 0
		*INHERIT_ROT 0 0 0
		*INHERIT_SCL 0 0 0
		*TM_ROW0 -0.1583	0.5096	-0.8457
		*TM_ROW1 -0.0216	0.8545	0.5190
		*TM_ROW2 0.9872	0.1004	-0.1243
		*TM_ROW3 -21.5153	-2.5895	15.3520
		*TM_POS -21.5153	-2.5895	15.3520
		*TM_ROTAXIS 0.0000	0.0000	0.0000
		*TM_ROTANGLE 0.0000
		*TM_SCALE 1.0000	1.0000	1.0000
		*TM_SCALEAXIS 0.0000	0.0000	0.0000
		*TM_SCALEAXISANG 0.0000
	}
}
*GEOMOBJECT {
	*NODE_NAME "Bip01 Hero_Left_Foot_Foot_END"
	*NODE_PARENT "Bip01 Hero_Left_Foot_Foot_1"
	*NODE_TM {
		*NODE_NAME "Bip01 Hero_Left_Foot_Foot_END"
		*INHERIT_POS 0 0 0
		*INHERIT_ROT 0 0 0
		*INHERIT_SCL 0 0 0
		*TM_ROW0 -0.9997	-0.0150	-0.0169
		*TM_ROW1 0.0143	-0.9990	0.0422
		*TM_ROW2 -0.0175	0.0420	0.9990
		*TM_ROW3 -24.3830	6.6411	0.0347
		*TM_POS -24.3830	6.6411	0.0347
		*TM_ROTAXIS 0.0000	0.0000	0.0000
		*TM_ROTANGLE 0.0000
		*TM_SCALE 1.0000	1.0000	1.0000
		*TM_SCALEAXIS 0.0000	0.0000	0.0000
		*TM_SCALEAXISANG 0.0000
	}
}
*GEOMOBJECT {
	*NODE_NAME "Bip01 Hero_Left_Foot_Toe_ROOT"
	*NODE_PARENT "Bip01 Hero_Left_Foot_Foot_END"
	*NODE_TM {
		*NODE_NAME "Bip01 Hero_Left_Foot_Toe_ROOT"
		*INHERIT_POS 0 0 0
		*INHERIT_ROT 0 0 0
		*INHERIT_SCL 0 0 0
		*TM_ROW0 -0.2616	0.9641	-0.0451
		*TM_ROW1 -0.0175	0.0420	0.9990
		*TM_ROW2 0.9650	0.2621	0.0059
		*TM_ROW3 -24.3829	6.6411	0.0347
		*TM_POS -24.3829	6.6411	0.0347
		*TM_ROTAXIS 0.0000	0.0000	0.0000
		*TM_ROTANGLE 0.0000
		*TM_SCALE 1.0000	1.0000	1.0000
		*TM_SCALEAXIS 0.0000	0.0000	0.0000
		*TM_SCALEAXISANG 0.0000
	}
}
*GEOMOBJECT {
	*NODE_NAME "Bip01 Hero_Left_Foot_Toe_1"
	*NODE_PARENT "Bip01 Hero_Left_Foot_Toe_ROOT"
	*NODE_TM {
		*NODE_NAME "Bip01 Hero_Left_Foot_Toe_1"
		*INHERIT_POS 0 0 0
		*INHERIT_ROT 0 0 0
		*INHERIT_SCL 0 0 0
		*TM_ROW0 -0.2616	0.9641	-0.0451
		*TM_ROW1 -0.0175	0.0420	0.9990
		*TM_ROW2 0.9650	0.2621	0.0059
		*TM_ROW3 -24.3829	6.6411	0.0347
		*TM_POS -24.3829	6.6411	0.0347
		*TM_ROTAXIS 0.0000	0.0000	0.0000
		*TM_ROTANGLE 0.0000
		*TM_SCALE 1.0000	1.0000	1.0000
		*TM_SCALEAXIS 0.0000	0.0000	0.0000
		*TM_SCALEAXISANG 0.0000
	}
}
*GEOMOBJECT {
	*NODE_NAME "Bip01 Hero_Left_Foot_Toe_END"
	*NODE_PARENT "Bip01 Hero_Left_Foot_Toe_1"
	*NODE_TM {
		*NODE_NAME "Bip01 Hero_Left_Foot_Toe_END"
		*INHERIT_POS 0 0 0
		*INHERIT_ROT 0 0 0
		*INHERIT_SCL 0 0 0
		*TM_ROW0 -0.9997	-0.0150	-0.0169
		*TM_ROW1 0.0143	-0.9990	0.0422
		*TM_ROW2 -0.0175	0.0420	0.9990
		*TM_ROW3 -27.6247	18.5905	-0.5248
		*TM_POS -27.6247	18.5905	-0.5248
		*TM_ROTAXIS 0.0000	0.0000	0.0000
		*TM_ROTANGLE 0.0000
		*TM_SCALE 1.0000	1.0000	1.0000
		*TM_SCALEAXIS 0.0000	0.0000	0.0000
		*TM_SCALEAXISANG 0.0000
	}
}
*GEOMOBJECT {
	*NODE_NAME "Bip01 Hero_Spine_Spine_2"
	*NODE_PARENT "Bip01 Hero_Spine_Spine_1"
	*NODE_TM {
		*NODE_NAME "Bip01 Hero_Spine_Spine_2"
		*INHERIT_POS 0 0 0
		*INHERIT_ROT 0 0 0
		*INHERIT_SCL 0 0 0
		*TM_ROW0 -0.0000	-0.2018	0.9794
		*TM_ROW1 0.0000	0.9794	0.2018
		*TM_ROW2 -1.0000	0.0000	0.0000
		*TM_ROW3 -0.0000	-1.3807	113.1306
		*TM_POS -0.0000	-1.3807	113.1306
		*TM_ROTAXIS 0.0000	0.0000	0.0000
		*TM_ROTANGLE 0.0000
		*TM_SCALE 1.0000	1.0000	1.0000
		*TM_SCALEAXIS 0.0000	0.0000	0.0000
		*TM_SCALEAXISANG 0.0000
	}
}
*GEOMOBJECT {
	*NODE_NAME "Bip01 Hero_Spine_Spine_3"
	*NODE_PARENT "Bip01 Hero_Spine_Spine_2"
	*NODE_TM {
		*NODE_NAME "Bip01 Hero_Spine_Spine_3"
		*INHERIT_POS 0 0 0
		*INHERIT_ROT 0 0 0
		*INHERIT_SCL 0 0 0
		*TM_ROW0 0.0000	0.2761	0.9611
		*TM_ROW1 -0.0000	0.9611	-0.2761
		*TM_ROW2 -1.0000	-0.0000	0.0000
		*TM_ROW3 -0.0000	-3.1922	121.9226
		*TM_POS -0.0000	-3.1922	121.9226
		*TM_ROTAXIS 0.0000	0.0000	0.0000
		*TM_ROTANGLE 0.0000
		*TM_SCALE 1.0000	1.0000	1.0000
		*TM_SCALEAXIS 0.0000	0.0000	0.0000
		*TM_SCALEAXISANG 0.0000
	}
}
*GEOMOBJECT {
	*NODE_NAME "Bip01 Hero_Spine_Spine_4"
	*NODE_PARENT "Bip01 Hero_Spine_Spine_3"
	*NODE_TM {
		*NODE_NAME "Bip01 Hero_Spine_Spine_4"
		*INHERIT_POS 0 0 0
		*INHERIT_ROT 0 0 0
		*INHERIT_SCL 0 0 0
		*TM_ROW0 0.0000	-0.0231	0.9997
		*TM_ROW1 -0.0000	0.9997	0.0231
		*TM_ROW2 -1.0000	-0.0000	0.0000
		*TM_ROW3 -0.0000	-0.2900	132.0271
		*TM_POS -0.0000	-0.2900	132.0271
		*TM_ROTAXIS 0.0000	0.0000	0.0000
		*TM_ROTANGLE 0.0000
		*TM_SCALE 1.0000	1.0000	1.0000
		*TM_SCALEAXIS 0.0000	0.0000	0.0000
		*TM_SCALEAXISANG 0.0000
	}
}
*GEOMOBJECT {
	*NODE_NAME "Bip01 Hero_Spine_Spine_5"
	*NODE_PARENT "Bip01 Hero_Spine_Spine_4"
	*NODE_TM {
		*NODE_NAME "Bip01 Hero_Spine_Spine_5"
		*INHERIT_POS 0 0 0
		*INHERIT_ROT 0 0 0
		*INHERIT_SCL 0 0 0
		*TM_ROW0 -0.0000	-0.1660	0.9861
		*TM_ROW1 0.0000	0.9861	0.1660
		*TM_ROW2 -1.0000	0.0000	-0.0000
		*TM_ROW3 -0.0000	-0.6321	146.8093
		*TM_POS -0.0000	-0.6321	146.8093
		*TM_ROTAXIS 0.0000	0.0000	0.0000
		*TM_ROTANGLE 0.0000
		*TM_SCALE 1.0000	1.0000	1.0000
		*TM_SCALEAXIS 0.0000	0.0000	0.0000
		*TM_SCALEAXISANG 0.0000
	}
}
*HELPEROBJECT {
	*NODE_NAME "Slot_CrossBow"
	*NODE_PARENT "Bip01 Hero_Spine_Spine_5"
	*NODE_TM {
		*NODE_NAME "Slot_CrossBow"
		*INHERIT_POS 0 0 0
		*INHERIT_ROT 0 0 0
		*INHERIT_SCL 0 0 0
		*TM_ROW0 0.9771	0.0245	0.2113
		*TM_ROW1 -0.2120	0.1927	0.9581
		*TM_ROW2 -0.0172	-0.9809	0.1935
		*TM_ROW3 -11.8903	-29.4239	166.5636
		*TM_POS -11.8903	-29.4239	166.5636
		*TM_ROTAXIS 0.0000	0.0000	0.0000
		*TM_ROTANGLE 0.0000
		*TM_SCALE 1.0000	1.0000	1.0000
		*TM_SCALEAXIS 0.0000	0.0000	0.0000
		*TM_SCALEAXISANG 0.0000
	}
}
*HELPEROBJECT {
	*NODE_NAME "Slot_ShieldBack"
	*NODE_PARENT "Bip01 Hero_Spine_Spine_5"
	*NODE_TM {
		*NODE_NAME "Slot_ShieldBack"
		*INHERIT_POS 0 0 0
		*INHERIT_ROT 0 0 0
		*INHERIT_SCL 0 0 0
		*TM_ROW0 1.0000	-0.0000	0.0000
		*TM_ROW1 0.0000	0.1744	0.9847
		*TM_ROW2 -0.0000	-0.9847	0.1744
		*TM_ROW3 -0.4882	-33.1604	144.2008
		*TM_POS -0.4882	-33.1604	144.2008
		*TM_ROTAXIS 0.0000	0.0000	0.0000
		*TM_ROTANGLE 0.0000
		*TM_SCALE 1.0000	1.0000	1.0000
		*TM_SCALEAXIS 0.0000	0.0000	0.0000
		*TM_SCALEAXISANG 0.0000
	}
}
*HELPEROBJECT {
	*NODE_NAME "Slot_StaffBack"
	*NODE_PARENT "Bip01 Hero_Spine_Spine_5"
	*NODE_TM {
		*NODE_NAME "Slot_StaffBack"
		*INHERIT_POS 0 0 0
		*INHERIT_ROT 0 0 0
		*INHERIT_SCL 0 0 0
		*TM_ROW0 -0.8919	0.0004	-0.4522
		*TM_ROW1 0.4505	-0.0873	-0.8885
		*TM_ROW2 -0.0398	-0.9962	0.0776
		*TM_ROW3 7.8802	-20.4142	117.6296
		*TM_POS 7.8802	-20.4142	117.6296
		*TM_ROTAXIS 0.0000	0.0000	0.0000
		*TM_ROTANGLE 0.0000
		*TM_SCALE 1.0000	1.0000	1.0000
		*TM_SCALEAXIS 0.0000	0.0000	0.0000
		*TM_SCALEAXISANG 0.0000
	}
}
*HELPEROBJECT {
	*NODE_NAME "Slot_AxeBack"
	*NODE_PARENT "Bip01 Hero_Spine_Spine_5"
	*NODE_TM {
		*NODE_NAME "Slot_AxeBack"
		*INHERIT_POS 0 0 0
		*INHERIT_ROT 0 0 0
		*INHERIT_SCL 0 0 0
		*TM_ROW0 0.9530	0.0923	0.2885
		*TM_ROW1 0.2990	-0.1331	-0.9449
		*TM_ROW2 -0.0488	0.9868	-0.1544
		*TM_ROW3 -8.0958	-30.2105	159.1506
		*TM_POS -8.0958	-30.2105	159.1506
		*TM_ROTAXIS 0.0000	0.0000	0.0000
		*TM_ROTANGLE 0.0000
		*TM_SCALE 1.0000	1.0000	1.0000
		*TM_SCALEAXIS 0.0000	0.0000	0.0000
		*TM_SCALEAXISANG 0.0000
	}
}
*HELPEROBJECT {
	*NODE_NAME "Slot_Bow"
	*NODE_PARENT "Bip01 Hero_Spine_Spine_5"
	*NODE_TM {
		*NODE_NAME "Slot_Bow"
		*INHERIT_POS 0 0 0
		*INHERIT_ROT 0 0 0
		*INHERIT_SCL 0 0 0
		*TM_ROW0 -0.9962	-0.0158	-0.0857
		*TM_ROW1 0.0868	-0.0942	-0.9918
		*TM_ROW2 0.0076	-0.9954	0.0952
		*TM_ROW3 -9.5540	-24.1378	118.0070
		*TM_POS -9.5540	-24.1378	118.0070
		*TM_ROTAXIS 0.0000	0.0000	0.0000
		*TM_ROTANGLE 0.0000
		*TM_SCALE 1.0000	1.0000	1.0000
		*TM_SCALEAXIS 0.0000	0.0000	0.0000
		*TM_SCALEAXISANG 0.0000
	}
}
*HELPEROBJECT {
	*NODE_NAME "Slot_MeleeBackLeft"
	*NODE_PARENT "Bip01 Hero_Spine_Spine_5"
	*NODE_TM {
		*NODE_NAME "Slot_MeleeBackLeft"
		*INHERIT_POS 0 0 0
		*INHERIT_ROT 0 0 0
		*INHERIT_SCL 0 0 0
		*TM_ROW0 0.9352	0.0857	0.3437
		*TM_ROW1 0.3542	-0.2043	-0.9126
		*TM_ROW2 -0.0080	0.9751	-0.2215
		*TM_ROW3 -14.2860	-25.7588	172.0585
		*TM_POS -14.2860	-25.7588	172.0585
		*TM_ROTAXIS 0.0000	0.0000	0.0000
		*TM_ROTANGLE 0.0000
		*TM_SCALE 1.0000	1.0000	1.0000
		*TM_SCALEAXIS 0.0000	0.0000	0.0000
		*TM_SCALEAXISANG 0.0000
	}
}
*HELPEROBJECT {
	*NODE_NAME "Slot_MeleeBackRight"
	*NODE_PARENT "Bip01 Hero_Spine_Spine_5"
	*NODE_TM {
		*NODE_NAME "Slot_MeleeBackRight"
		*INHERIT_POS 0 0 0
		*INHERIT_ROT 0 0 0
		*INHERIT_SCL 0 0 0
		*TM_ROW0 -0.9352	0.0857	0.3437
		*TM_ROW1 -0.3542	-0.2054	-0.9123
		*TM_ROW2 -0.0076	-0.9749	0.2225
		*TM_ROW3 15.3566	-25.7588	172.0584
		*TM_POS 15.3566	-25.7588	172.0584
		*TM_ROTAXIS 0.0000	0.0000	0.0000
		*TM_ROTANGLE 0.0000
		*TM_SCALE 1.0000	1.0000	1.0000
		*TM_SCALEAXIS 0.0000	0.0000	0.0000
		*TM_SCALEAXISANG 0.0000
	}
}
*GEOMOBJECT {
	*NODE_NAME "Bip01 Hero_Spine_Spine_END"
	*NODE_PARENT "Bip01 Hero_Spine_Spine_5"
	*NODE_TM {
		*NODE_NAME "Bip01 Hero_Spine_Spine_END"
		*INHERIT_POS 0 0 0
		*INHERIT_ROT 0 0 0
		*INHERIT_SCL 0 0 0
		*TM_ROW0 -1.0000	0.0000	0.0000
		*TM_ROW1 -0.0000	-1.0000	0.0000
		*TM_ROW2 0.0000	-0.0000	1.0000
		*TM_ROW3 0.0000	-3.6397	164.6747
		*TM_POS 0.0000	-3.6397	164.6747
		*TM_ROTAXIS 0.0000	0.0000	0.0000
		*TM_ROTANGLE 0.0000
		*TM_SCALE 1.0000	1.0000	1.0000
		*TM_SCALEAXIS 0.0000	0.0000	0.0000
		*TM_SCALEAXISANG 0.0000
	}
}
*GEOMOBJECT {
	*NODE_NAME "Bip01 Hero_Head_Neck_ROOT"
	*NODE_PARENT "Bip01 Hero_Spine_Spine_END"
	*NODE_TM {
		*NODE_NAME "Bip01 Hero_Head_Neck_ROOT"
		*INHERIT_POS 0 0 0
		*INHERIT_ROT 0 0 0
		*INHERIT_SCL 0 0 0
		*TM_ROW0 -0.0000	-0.0089	1.0000
		*TM_ROW1 -0.0000	1.0000	0.0089
		*TM_ROW2 -1.0000	-0.0000	0.0000
		*TM_ROW3 -0.0000	-3.6397	164.6747
		*TM_POS -0.0000	-3.6397	164.6747
		*TM_ROTAXIS 0.0000	0.0000	0.0000
		*TM_ROTANGLE 0.0000
		*TM_SCALE 1.0000	1.0000	1.0000
		*TM_SCALEAXIS 0.0000	0.0000	0.0000
		*TM_SCALEAXISANG 0.0000
	}
}
*GEOMOBJECT {
	*NODE_NAME "Bip01 Hero_Head_Neck_1"
	*NODE_PARENT "Bip01 Hero_Head_Neck_ROOT"
	*NODE_TM {
		*NODE_NAME "Bip01 Hero_Head_Neck_1"
		*INHERIT_POS 0 0 0
		*INHERIT_ROT 0 0 0
		*INHERIT_SCL 0 0 0
		*TM_ROW0 -0.0000	-0.0089	1.0000
		*TM_ROW1 -0.0000	1.0000	0.0089
		*TM_ROW2 -1.0000	-0.0000	0.0000
		*TM_ROW3 -0.0000	-3.6397	164.6747
		*TM_POS -0.0000	-3.6397	164.6747
		*TM_ROTAXIS 0.0000	0.0000	0.0000
		*TM_ROTANGLE 0.0000
		*TM_SCALE 1.0000	1.0000	1.0000
		*TM_SCALEAXIS 0.0000	0.0000	0.0000
		*TM_SCALEAXISANG 0.0000
	}
}
*GEOMOBJECT {
	*NODE_NAME "Bip01 Hero_Head_Neck_2"
	*NODE_PARENT "Bip01 Hero_Head_Neck_1"
	*NODE_TM {
		*NODE_NAME "Bip01 Hero_Head_Neck_2"
		*INHERIT_POS 0 0 0
		*INHERIT_ROT 0 0 0
		*INHERIT_SCL 0 0 0
		*TM_ROW0 -0.0000	0.1156	0.9933
		*TM_ROW1 -0.0000	0.9933	-0.1156
		*TM_ROW2 -1.0000	-0.0000	0.0000
		*TM_ROW3 -0.0000	-3.6787	169.0676
		*TM_POS -0.0000	-3.6787	169.0676
		*TM_ROTAXIS 0.0000	0.0000	0.0000
		*TM_ROTANGLE 0.0000
		*TM_SCALE 1.0000	1.0000	1.0000
		*TM_SCALEAXIS 0.0000	0.0000	0.0000
		*TM_SCALEAXISANG 0.0000
	}
}
*GEOMOBJECT {
	*NODE_NAME "Bip01 Hero_Head_Neck_3"
	*NODE_PARENT "Bip01 Hero_Head_Neck_2"
	*NODE_TM {
		*NODE_NAME "Bip01 Hero_Head_Neck_3"
		*INHERIT_POS 0 0 0
		*INHERIT_ROT 0 0 0
		*INHERIT_SCL 0 0 0
		*TM_ROW0 -0.0000	0.3640	0.9314
		*TM_ROW1 0.0000	0.9314	-0.3640
		*TM_ROW2 -1.0000	0.0000	0.0000
		*TM_ROW3 -0.0000	-3.0921	174.1091
		*TM_POS -0.0000	-3.0921	174.1091
		*TM_ROTAXIS 0.0000	0.0000	0.0000
		*TM_ROTANGLE 0.0000
		*TM_SCALE 1.0000	1.0000	1.0000
		*TM_SCALEAXIS 0.0000	0.0000	0.0000
		*TM_SCALEAXISANG 0.0000
	}
}
*GEOMOBJECT {
	*NODE_NAME "Bip01 Hero_Head_Neck_END"
	*NODE_PARENT "Bip01 Hero_Head_Neck_3"
	*NODE_TM {
		*NODE_NAME "Bip01 Hero_Head_Neck_END"
		*INHERIT_POS 0 0 0
		*INHERIT_ROT 0 0 0
		*INHERIT_SCL 0 0 0
		*TM_ROW0 -1.0000	-0.0000	0.0000
		*TM_ROW1 0.0000	-1.0000	0.0000
		*TM_ROW2 -0.0000	0.0000	1.0000
		*TM_ROW3 -0.0000	-1.6282	177.8546
		*TM_POS -0.0000	-1.6282	177.8546
		*TM_ROTAXIS 0.0000	0.0000	0.0000
		*TM_ROTANGLE 0.0000
		*TM_SCALE 1.0000	1.0000	1.0000
		*TM_SCALEAXIS 0.0000	0.0000	0.0000
		*TM_SCALEAXISANG 0.0000
	}
}
*GEOMOBJECT {
	*NODE_NAME "Bip01 Hero_Head_Head_ROOT"
	*NODE_PARENT "Bip01 Hero_Head_Neck_END"
	*NODE_TM {
		*NODE_NAME "Bip01 Hero_Head_Head_ROOT"
		*INHERIT_POS 0 0 0
		*INHERIT_ROT 0 0 0
		*INHERIT_SCL 0 0 0
		*TM_ROW0 0.0000	0.3749	0.9271
		*TM_ROW1 -0.0000	0.9271	-0.3749
		*TM_ROW2 -1.0000	-0.0000	0.0000
		*TM_ROW3 -0.0000	-1.6282	177.8546
		*TM_POS -0.0000	-1.6282	177.8546
		*TM_ROTAXIS 0.0000	0.0000	0.0000
		*TM_ROTANGLE 0.0000
		*TM_SCALE 1.0000	1.0000	1.0000
		*TM_SCALEAXIS 0.0000	0.0000	0.0000
		*TM_SCALEAXISANG 0.0000
	}
}
*GEOMOBJECT {
	*NODE_NAME "Bip01 Hero_Head_Head_1"
	*NODE_PARENT "Bip01 Hero_Head_Head_ROOT"
	*NODE_TM {
		*NODE_NAME "Bip01 Hero_Head_Head_1"
		*INHERIT_POS 0 0 0
		*INHERIT_ROT 0 0 0
		*INHERIT_SCL 0 0 0
		*TM_ROW0 0.0000	0.3749	0.9271
		*TM_ROW1 -0.0000	0.9271	-0.3749
		*TM_ROW2 -1.0000	-0.0000	0.0000
		*TM_ROW3 -0.0000	-1.6282	177.8545
		*TM_POS -0.0000	-1.6282	177.8545
		*TM_ROTAXIS 0.0000	0.0000	0.0000
		*TM_ROTANGLE 0.0000
		*TM_SCALE 1.0000	1.0000	1.0000
		*TM_SCALEAXIS 0.0000	0.0000	0.0000
		*TM_SCALEAXISANG 0.0000
	}
}
*GEOMOBJECT {
	*NODE_NAME "Bip01 Hero_Head_Head_END"
	*NODE_PARENT "Bip01 Hero_Head_Head_1"
	*NODE_TM {
		*NODE_NAME "Bip01 Hero_Head_Head_END"
		*INHERIT_POS 0 0 0
		*INHERIT_ROT 0 0 0
		*INHERIT_SCL 0 0 0
		*TM_ROW0 -1.0000	-0.0000	0.0000
		*TM_ROW1 0.0000	-1.0000	0.0000
		*TM_ROW2 0.0000	0.0000	1.0000
		*TM_ROW3 0.0000	5.0611	194.3968
		*TM_POS 0.0000	5.0611	194.3968
		*TM_ROTAXIS 0.0000	0.0000	0.0000
		*TM_ROTANGLE 0.0000
		*TM_SCALE 1.0000	1.0000	1.0000
		*TM_SCALEAXIS 0.0000	0.0000	0.0000
		*TM_SCALEAXISANG 0.0000
	}
}
*GEOMOBJECT {
	*NODE_NAME "Bip01 Hero_Right_Arm_Shoulder_ROOT"
	*NODE_PARENT "Bip01 Hero_Spine_Spine_END"
	*NODE_TM {
		*NODE_NAME "Bip01 Hero_Right_Arm_Shoulder_ROOT"
		*INHERIT_POS 0 0 0
		*INHERIT_ROT 0 0 0
		*INHERIT_SCL 0 0 0
		*TM_ROW0 0.8729	-0.3467	0.3432
		*TM_ROW1 0.3691	0.9294	-0.0000
		*TM_ROW2 -0.3190	0.1267	0.9393
		*TM_ROW3 9.3671	-0.1880	161.4817
		*TM_POS 9.3671	-0.1880	161.4817
		*TM_ROTAXIS 0.0000	0.0000	0.0000
		*TM_ROTANGLE 0.0000
		*TM_SCALE 1.0000	1.0000	1.0000
		*TM_SCALEAXIS 0.0000	0.0000	0.0000
		*TM_SCALEAXISANG 0.0000
	}
}
*GEOMOBJECT {
	*NODE_NAME "Bip01 Hero_Right_Arm_Shoulder_1"
	*NODE_PARENT "Bip01 Hero_Right_Arm_Shoulder_ROOT"
	*NODE_TM {
		*NODE_NAME "Bip01 Hero_Right_Arm_Shoulder_1"
		*INHERIT_POS 0 0 0
		*INHERIT_ROT 0 0 0
		*INHERIT_SCL 0 0 0
		*TM_ROW0 0.8729	-0.3467	0.3432
		*TM_ROW1 0.3691	0.9294	0.0000
		*TM_ROW2 -0.3190	0.1267	0.9393
		*TM_ROW3 9.3671	-0.1880	161.4817
		*TM_POS 9.3671	-0.1880	161.4817
		*TM_ROTAXIS 0.0000	0.0000	0.0000
		*TM_ROTANGLE 0.0000
		*TM_SCALE 1.0000	1.0000	1.0000
		*TM_SCALEAXIS 0.0000	0.0000	0.0000
		*TM_SCALEAXISANG 0.0000
	}
}
*GEOMOBJECT {
	*NODE_NAME "Bip01 Hero_Right_Arm_Shoulder_END"
	*NODE_PARENT "Bip01 Hero_Right_Arm_Shoulder_1"
	*NODE_TM {
		*NODE_NAME "Bip01 Hero_Right_Arm_Shoulder_END"
		*INHERIT_POS 0 0 0
		*INHERIT_ROT 0 0 0
		*INHERIT_SCL 0 0 0
		*TM_ROW0 -1.0000	0.0000	0.0000
		*TM_ROW1 -0.0000	-1.0000	-0.0000
		*TM_ROW2 0.0000	-0.0000	1.0000
		*TM_ROW3 17.8978	-3.5761	164.8358
		*TM_POS 17.8978	-3.5761	164.8358
		*TM_ROTAXIS 0.0000	0.0000	0.0000
		*TM_ROTANGLE 0.0000
		*TM_SCALE 1.0000	1.0000	1.0000
		*TM_SCALEAXIS 0.0000	0.0000	0.0000
		*TM_SCALEAXISANG 0.0000
	}
}
*GEOMOBJECT {
	*NODE_NAME "Bip01 Hero_Right_Arm_Arm_ROOT"
	*NODE_PARENT "Bip01 Hero_Right_Arm_Shoulder_END"
	*NODE_TM {
		*NODE_NAME "Bip01 Hero_Right_Arm_Arm_ROOT"
		*INHERIT_POS 0 0 0
		*INHERIT_ROT 0 0 0
		*INHERIT_SCL 0 0 0
		*TM_ROW0 0.6230	-0.0430	-0.7810
		*TM_ROW1 0.0688	0.9976	0.0000
		*TM_ROW2 0.7792	-0.0538	0.6245
		*TM_ROW3 21.8914	-2.2962	161.8348
		*TM_POS 21.8914	-2.2962	161.8348
		*TM_ROTAXIS 0.0000	0.0000	0.0000
		*TM_ROTANGLE 0.0000
		*TM_SCALE 1.0000	1.0000	1.0000
		*TM_SCALEAXIS 0.0000	0.0000	0.0000
		*TM_SCALEAXISANG 0.0000
	}
}
*GEOMOBJECT {
	*NODE_NAME "Bip01 Hero_Right_Arm_Arm_1"
	*NODE_PARENT "Bip01 Hero_Right_Arm_Arm_ROOT"
	*NODE_TM {
		*NODE_NAME "Bip01 Hero_Right_Arm_Arm_1"
		*INHERIT_POS 0 0 0
		*INHERIT_ROT 0 0 0
		*INHERIT_SCL 0 0 0
		*TM_ROW0 0.6230	-0.0430	-0.7810
		*TM_ROW1 0.0688	0.9976	-0.0000
		*TM_ROW2 0.7792	-0.0538	0.6245
		*TM_ROW3 21.8914	-2.2962	161.8348
		*TM_POS 21.8914	-2.2962	161.8348
		*TM_ROTAXIS 0.0000	0.0000	0.0000
		*TM_ROTANGLE 0.0000
		*TM_SCALE 1.0000	1.0000	1.0000
		*TM_SCALEAXIS 0.0000	0.0000	0.0000
		*TM_SCALEAXISANG 0.0000
	}
}
*GEOMOBJECT {
	*NODE_NAME "Bip01 Hero_Right_Arm_Arm_2"
	*NODE_PARENT "Bip01 Hero_Right_Arm_Arm_1"
	*NODE_TM {
		*NODE_NAME "Bip01 Hero_Right_Arm_Arm_2"
		*INHERIT_POS 0 0 0
		*INHERIT_ROT 0 0 0
		*INHERIT_SCL 0 0 0
		*TM_ROW0 0.6667	0.1137	-0.7366
		*TM_ROW1 -0.1681	0.9858	0.0000
		*TM_ROW2 0.7261	0.1239	0.6764
		*TM_ROW3 39.3338	-3.4999	139.9700
		*TM_POS 39.3338	-3.4999	139.9700
		*TM_ROTAXIS 0.0000	0.0000	0.0000
		*TM_ROTANGLE 0.0000
		*TM_SCALE 1.0000	1.0000	1.0000
		*TM_SCALEAXIS 0.0000	0.0000	0.0000
		*TM_SCALEAXISANG 0.0000
	}
}
*GEOMOBJECT {
	*NODE_NAME "Bip01 Hero_Right_Arm_Arm_END"
	*NODE_PARENT "Bip01 Hero_Right_Arm_Arm_2"
	*NODE_TM {
		*NODE_NAME "Bip01 Hero_Right_Arm_Arm_END"
		*INHERIT_POS 0 0 0
		*INHERIT_ROT 0 0 0
		*INHERIT_SCL 0 0 0
		*TM_ROW0 -1.0000	0.0000	0.0000
		*TM_ROW1 -0.0000	-1.0000	-0.0000
		*TM_ROW2 0.0000	-0.0000	1.0000
		*TM_ROW3 56.5712	-0.5595	120.9264
		*TM_POS 56.5712	-0.5595	120.9264
		*TM_ROTAXIS 0.0000	0.0000	0.0000
		*TM_ROTANGLE 0.0000
		*TM_SCALE 1.0000	1.0000	1.0000
		*TM_SCALEAXIS 0.0000	0.0000	0.0000
		*TM_SCALEAXISANG 0.0000
	}
}
*GEOMOBJECT {
	*NODE_NAME "Bip01 Hero_Right_Hand_Hand_ROOT"
	*NODE_PARENT "Bip01 Hero_Right_Arm_Arm_END"
	*NODE_TM {
		*NODE_NAME "Bip01 Hero_Right_Hand_Hand_ROOT"
		*INHERIT_POS 0 0 0
		*INHERIT_ROT 0 0 0
		*INHERIT_SCL 0 0 0
		*TM_ROW0 0.6490	0.1057	-0.7534
		*TM_ROW1 0.7576	-0.0000	0.6527
		*TM_ROW2 0.0690	-0.9944	-0.0801
		*TM_ROW3 56.5712	-0.5595	120.9264
		*TM_POS 56.5712	-0.5595	120.9264
		*TM_ROTAXIS 0.0000	0.0000	0.0000
		*TM_ROTANGLE 0.0000
		*TM_SCALE 1.0000	1.0000	1.0000
		*TM_SCALEAXIS 0.0000	0.0000	0.0000
		*TM_SCALEAXISANG 0.0000
	}
}
*GEOMOBJECT {
	*NODE_NAME "Bip01 Hero_Right_Hand_Hand_1"
	*NODE_PARENT "Bip01 Hero_Right_Hand_Hand_ROOT"
	*NODE_TM {
		*NODE_NAME "Bip01 Hero_Right_Hand_Hand_1"
		*INHERIT_POS 0 0 0
		*INHERIT_ROT 0 0 0
		*INHERIT_SCL 0 0 0
		*TM_ROW0 0.6490	0.1057	-0.7534
		*TM_ROW1 0.7576	-0.0000	0.6527
		*TM_ROW2 0.0690	-0.9944	-0.0801
		*TM_ROW3 56.5712	-0.5595	120.9264
		*TM_POS 56.5712	-0.5595	120.9264
		*TM_ROTAXIS 0.0000	0.0000	0.0000
		*TM_ROTANGLE 0.0000
		*TM_SCALE 1.0000	1.0000	1.0000
		*TM_SCALEAXIS 0.0000	0.0000	0.0000
		*TM_SCALEAXISANG 0.0000
	}
}
*HELPEROBJECT {
	*NODE_NAME "Slot_RightHand_Weapon"
	*NODE_PARENT "Bip01 Hero_Right_Hand_Hand_1"
	*NODE_TM {
		*NODE_NAME "Slot_RightHand_Weapon"
		*INHERIT_POS 0 0 0
		*INHERIT_ROT 0 0 0
		*INHERIT_SCL 0 0 0
		*TM_ROW0 0.1886	0.0865	-0.9782
		*TM_ROW1 0.0232	0.9954	0.0925
		*TM_ROW2 0.9818	-0.0401	0.1858
		*TM_ROW3 60.3613	12.3992	110.3985
		*TM_POS 60.3613	12.3992	110.3985
		*TM_ROTAXIS 0.0000	0.0000	0.0000
		*TM_ROTANGLE 0.0000
		*TM_SCALE 1.0000	1.0000	1.0000
		*TM_SCALEAXIS 0.0000	0.0000	0.0000
		*TM_SCALEAXISANG 0.0000
	}
}
*GEOMOBJECT {
	*NODE_NAME "Bip01 Hero_Right_Hand_Hand_END"
	*NODE_PARENT "Bip01 Hero_Right_Hand_Hand_1"
	*NODE_TM {
		*NODE_NAME "Bip01 Hero_Right_Hand_Hand_END"
		*INHERIT_POS 0 0 0
		*INHERIT_ROT 0 0 0
		*INHERIT_SCL 0 0 0
		*TM_ROW0 -1.0000	0.0000	0.0000
		*TM_ROW1 -0.0000	-1.0000	-0.0000
		*TM_ROW2 0.0000	-0.0000	1.0000
		*TM_ROW3 61.1428	0.1848	115.6195
		*TM_POS 61.1428	0.1848	115.6195
		*TM_ROTAXIS 0.0000	0.0000	0.0000
		*TM_ROTANGLE 0.0000
		*TM_SCALE 1.0000	1.0000	1.0000
		*TM_SCALEAXIS 0.0000	0.0000	0.0000
		*TM_SCALEAXISANG 0.0000
	}
}
*GEOMOBJECT {
	*NODE_NAME "Bip01 Hero_Right_Hand_Finger5_ROOT"
	*NODE_PARENT "Bip01 Hero_Right_Hand_Hand_END"
	*NODE_TM {
		*NODE_NAME "Bip01 Hero_Right_Hand_Finger5_ROOT"
		*INHERIT_POS 0 0 0
		*INHERIT_ROT 0 0 0
		*INHERIT_SCL 0 0 0
		*TM_ROW0 0.5062	0.0918	-0.8575
		*TM_ROW1 0.8612	0.0000	0.5083
		*TM_ROW2 0.0467	-0.9958	-0.0790
		*TM_ROW3 60.2394	-3.3553	112.0051
		*TM_POS 60.2394	-3.3553	112.0051
		*TM_ROTAXIS 0.0000	0.0000	0.0000
		*TM_ROTANGLE 0.0000
		*TM_SCALE 1.0000	1.0000	1.0000
		*TM_SCALEAXIS 0.0000	0.0000	0.0000
		*TM_SCALEAXISANG 0.0000
	}
}
*GEOMOBJECT {
	*NODE_NAME "Bip01 Hero_Right_Hand_Finger5_1"
	*NODE_PARENT "Bip01 Hero_Right_Hand_Finger5_ROOT"
	*NODE_TM {
		*NODE_NAME "Bip01 Hero_Right_Hand_Finger5_1"
		*INHERIT_POS 0 0 0
		*INHERIT_ROT 0 0 0
		*INHERIT_SCL 0 0 0
		*TM_ROW0 0.5062	0.0918	-0.8575
		*TM_ROW1 0.8612	0.0000	0.5083
		*TM_ROW2 0.0467	-0.9958	-0.0790
		*TM_ROW3 60.2394	-3.3553	112.0051
		*TM_POS 60.2394	-3.3553	112.0051
		*TM_ROTAXIS 0.0000	0.0000	0.0000
		*TM_ROTANGLE 0.0000
		*TM_SCALE 1.0000	1.0000	1.0000
		*TM_SCALEAXIS 0.0000	0.0000	0.0000
		*TM_SCALEAXISANG 0.0000
	}
}
*GEOMOBJECT {
	*NODE_NAME "Bip01 Hero_Right_Hand_Finger5_2"
	*NODE_PARENT "Bip01 Hero_Right_Hand_Finger5_1"
	*NODE_TM {
		*NODE_NAME "Bip01 Hero_Right_Hand_Finger5_2"
		*INHERIT_POS 0 0 0
		*INHERIT_ROT 0 0 0
		*INHERIT_SCL 0 0 0
		*TM_ROW0 0.2117	0.3427	-0.9153
		*TM_ROW1 0.9743	-0.0000	0.2253
		*TM_ROW2 0.0772	-0.9394	-0.3339
		*TM_ROW3 62.6111	-2.9253	107.9870
		*TM_POS 62.6111	-2.9253	107.9870
		*TM_ROTAXIS 0.0000	0.0000	0.0000
